Meters without a specified longitude or latitude:
16883

Meters without a specified head type:
56082
67299
16883

Meters without a specified time limit:

53609, 52898, 65567, 65907, 65615, 65244, 65851, 53499, 53527, 51482, 50387, 53521, 50003, 
50060, 53353, 53582, 51735, 53639, 53780, 51028, 65756, 50277, 53493, 51220, 51985, 52272, 
52300, 52019, 53297, 53465, 53325, 53298, 53300, 50088, 50253, 53276, 51285, 51957, 51516, 
51056, 51084, 50687, 53779, 54781, 53610, 52900, 54784, 53667, 50115, 52166, 52468, 51543, 
53523, 52513, 50279, 53554, 54753, 50744, 54756, 54782, 50631, 53008, 52899, 53668, 53007, 
50743, 52315, 50255, 53723, 50659, 52154, 53334, 51851, 52309, 53050, 50086, 51371, 50281, 
51397, 53494, 50309, 50144, 51107, 51164, 50114, 50503, 51513, 52498, 50338, 52316, 52026, 
52289, 51538, 50087, 51733, 50059, 50226, 50197, 50058, 52242, 51762, 52440, 51455, 51112, 
65298, 65365, 52844, 50032, 16883

Meters without a specified time in effect:
63227, 63142, 66112, 64079, 60026, 63693, 63694, 63636, 63749, 63610, 52844, 66040, 16883
